1 5022715.5262836628 357938.4831447715 0.0000000000
2 5022716.2069554003 357937.7505562203 0.0000000000
3 5022716.8876271388 357937.0179676691 0.0000000000
4 5022717.5682988763 357936.2853791179 0.0000000000
5 5022718.2489706138 357935.5527905667 0.0000000000
6 5022718.9296423523 357934.8202020155 0.0000000000
7 5022719.6103140898 357934.0876134643 0.0000000000
8 5022720.2909858273 357933.3550249132 0.0000000000
9 5022720.9716575658 357932.6224363620 0.0000000000
10 5022721.6523293033 357931.8898478107 0.0000000000
11 5022722.3330010409 357931.1572592596 0.0000000000
12 5022723.0136727784 357930.4246707084 0.0000000000
13 5022723.6943445168 357929.6920821572 0.0000000000
14 5022724.3750162544 357928.9594936060 0.0000000000
15 5022725.0556879919 357928.2269050548 0.0000000000
16 5022725.7363597304 357927.4943165036 0.0000000000
17 5022726.4170314679 357926.7617279524 0.0000000000
18 5022727.0977032054 357926.0291394012 0.0000000000
19 5022727.7783749439 357925.2965508500 0.0000000000
20 5022728.4590466814 357924.5639622988 0.0000000000
21 5022729.1397184189 357923.8313737476 0.0000000000
22 5022729.8203901565 357923.0987851964 0.0000000000
23 5022730.5010618949 357922.3661966453 0.0000000000
24 5022731.1817336325 357921.6336080940 0.0000000000
25 5022714.0611065608 357937.1218012959 0.0000000000
26 5022714.7417782983 357936.3892127447 0.0000000000
27 5022715.4224500358 357935.6566241935 0.0000000000
28 5022716.1031217743 357934.9240356423 0.0000000000
29 5022716.7837935118 357934.1914470911 0.0000000000
30 5022717.4644652493 357933.4588585399 0.0000000000
31 5022718.1451369878 357932.7262699887 0.0000000000
32 5022718.8258087253 357931.9936814375 0.0000000000
33 5022719.5064804628 357931.2610928863 0.0000000000
34 5022720.1871522004 357930.5285043352 0.0000000000
35 5022720.8678239388 357929.7959157839 0.0000000000
36 5022721.5484956764 357929.0633272327 0.0000000000
37 5022722.2291674139 357928.3307386815 0.0000000000
38 5022722.9098391524 357927.5981501304 0.0000000000
39 5022723.5905108899 357926.8655615792 0.0000000000
40 5022724.2711826274 357926.1329730279 0.0000000000
41 5022724.9518543659 357925.4003844768 0.0000000000
42 5022725.6325261034 357924.6677959256 0.0000000000
43 5022726.3131978409 357923.9352073744 0.0000000000
44 5022726.9938695785 357923.2026188232 0.0000000000
45 5022727.6745413169 357922.4700302720 0.0000000000
46 5022728.3552130545 357921.7374417208 0.0000000000
47 5022729.0358847920 357921.0048531696 0.0000000000
48 5022729.7165565304 357920.2722646184 0.0000000000
49 5022712.5959294578 357935.7604578203 0.0000000000
50 5022713.2766011963 357935.0278692691 0.0000000000
51 5022713.9572729338 357934.2952807178 0.0000000000
52 5022714.6379446713 357933.5626921667 0.0000000000
53 5022715.3186164089 357932.8301036155 0.0000000000
54 5022715.9992881473 357932.0975150643 0.0000000000
55 5022716.6799598848 357931.3649265131 0.0000000000
56 5022717.3606316224 357930.6323379619 0.0000000000
57 5022718.0413033608 357929.8997494107 0.0000000000
58 5022718.7219750984 357929.1671608595 0.0000000000
59 5022719.4026468359 357928.4345723083 0.0000000000
60 5022720.0833185744 357927.7019837571 0.0000000000
61 5022720.7639903119 357926.9693952059 0.0000000000
62 5022721.4446620494 357926.2368066547 0.0000000000
63 5022722.1253337879 357925.5042181035 0.0000000000
64 5022722.8060055254 357924.7716295524 0.0000000000
65 5022723.4866772629 357924.0390410011 0.0000000000
66 5022724.1673490005 357923.3064524499 0.0000000000
67 5022724.8480207389 357922.5738638988 0.0000000000
68 5022725.5286924765 357921.8412753476 0.0000000000
69 5022726.2093642140 357921.1086867963 0.0000000000
70 5022726.8900359524 357920.3760982452 0.0000000000
71 5022727.5707076900 357919.6435096940 0.0000000000
72 5022728.2513794275 357918.9109211428 0.0000000000
73 5022711.1307523558 357934.3991143446 0.0000000000
74 5022711.8114240933 357933.6665257934 0.0000000000
75 5022712.4920958309 357932.9339372423 0.0000000000
76 5022713.1727675693 357932.2013486910 0.0000000000
77 5022713.8534393068 357931.4687601398 0.0000000000
78 5022714.5341110444 357930.7361715887 0.0000000000
79 5022715.2147827828 357930.0035830375 0.0000000000
80 5022715.8954545204 357929.2709944862 0.0000000000
81 5022716.5761262579 357928.5384059351 0.0000000000
82 5022717.2567979963 357927.8058173839 0.0000000000
83 5022717.9374697339 357927.0732288327 0.0000000000
84 5022718.6181414714 357926.3406402815 0.0000000000
85 5022719.2988132099 357925.6080517303 0.0000000000
86 5022719.9794849474 357924.8754631791 0.0000000000
87 5022720.6601566849 357924.1428746279 0.0000000000
88 5022721.3408284225 357923.4102860767 0.0000000000
89 5022722.0215001609 357922.6776975255 0.0000000000
90 5022722.7021718984 357921.9451089743 0.0000000000
91 5022723.3828436360 357921.2125204231 0.0000000000
92 5022724.0635153744 357920.4799318719 0.0000000000
93 5022724.7441871120 357919.7473433208 0.0000000000
94 5022725.4248588495 357919.0147547695 0.0000000000
95 5022726.1055305880 357918.2821662183 0.0000000000
96 5022726.7862023255 357917.5495776672 0.0000000000
97 5022709.6655752528 357933.0377708690 0.0000000000
98 5022710.3462469913 357932.3051823178 0.0000000000
99 5022711.0269187288 357931.5725937666 0.0000000000
100 5022711.7075904664 357930.8400052154 0.0000000000
101 5022712.3882622048 357930.1074166642 0.0000000000
102 5022713.0689339424 357929.3748281130 0.0000000000
103 5022713.7496056799 357928.6422395618 0.0000000000
104 5022714.4302774183 357927.9096510107 0.0000000000
105 5022715.1109491559 357927.1770624594 0.0000000000
106 5022715.7916208934 357926.4444739082 0.0000000000
107 5022716.4722926319 357925.7118853570 0.0000000000
108 5022717.1529643694 357924.9792968059 0.0000000000
109 5022717.8336361069 357924.2467082547 0.0000000000
110 5022718.5143078445 357923.5141197034 0.0000000000
111 5022719.1949795829 357922.7815311523 0.0000000000
112 5022719.8756513204 357922.0489426011 0.0000000000
113 5022720.5563230580 357921.3163540499 0.0000000000
114 5022721.2369947964 357920.5837654987 0.0000000000
115 5022721.9176665340 357919.8511769475 0.0000000000
116 5022722.5983382715 357919.1185883963 0.0000000000
117 5022723.2790100100 357918.3859998451 0.0000000000
118 5022723.9596817475 357917.6534112939 0.0000000000
119 5022724.6403534850 357916.9208227427 0.0000000000
120 5022725.3210252235 357916.1882341915 0.0000000000
121 5022708.2003981508 357931.6764273933 0.0000000000
122 5022708.8810698884 357930.9438388422 0.0000000000
123 5022709.5617416268 357930.2112502910 0.0000000000
124 5022710.2424133644 357929.4786617398 0.0000000000
125 5022710.9230851019 357928.7460731886 0.0000000000
126 5022711.6037568403 357928.0134846374 0.0000000000
127 5022712.2844285779 357927.2808960862 0.0000000000
128 5022712.9651003154 357926.5483075350 0.0000000000
129 5022713.6457720539 357925.8157189838 0.0000000000
130 5022714.3264437914 357925.0831304326 0.0000000000
131 5022715.0071155289 357924.3505418814 0.0000000000
132 5022715.6877872664 357923.6179533302 0.0000000000
133 5022716.3684590049 357922.8853647790 0.0000000000
134 5022717.0491307424 357922.1527762279 0.0000000000
135 5022717.7298024800 357921.4201876766 0.0000000000
136 5022718.4104742184 357920.6875991254 0.0000000000
137 5022719.0911459560 357919.9550105743 0.0000000000
138 5022719.7718176935 357919.2224220231 0.0000000000
139 5022720.4524894319 357918.4898334719 0.0000000000
140 5022721.1331611695 357917.7572449207 0.0000000000
141 5022721.8138329070 357917.0246563695 0.0000000000
142 5022722.4945046445 357916.2920678183 0.0000000000
143 5022723.1751763830 357915.5594792671 0.0000000000
144 5022723.8558481205 357914.8268907159 0.0000000000
