1 5022741.3860565359 357929.7497521344 0.0000000000
2 5022739.1882908819 357927.7077369210 0.0000000000
3 5022736.9905252289 357925.6657217076 0.0000000000
4 5022734.7927595749 357923.6237064941 0.0000000000
5 5022732.5949939219 357921.5816912807 0.0000000000
6 5022730.3972282680 357919.5396760672 0.0000000000
7 5022728.1994626140 357917.4976608538 0.0000000000
8 5022726.0016969610 357915.4556456403 0.0000000000
9 5022723.8039313070 357913.4136304269 0.0000000000
10 5022721.6061656540 357911.3716152135 0.0000000000
11 5022719.4084000001 357909.3296000000 0.0000000000
12 5022717.2106343461 357907.2875847865 0.0000000000
13 5022715.0128686931 357905.2455695731 0.0000000000
14 5022712.8151030391 357903.2035543597 0.0000000000
15 5022710.6173373861 357901.1615391462 0.0000000000
16 5022708.4195717322 357899.1195239328 0.0000000000
17 5022706.2218060782 357897.0775087194 0.0000000000
18 5022704.0240404252 357895.0354935059 0.0000000000
19 5022701.8262747712 357892.9934782924 0.0000000000
20 5022699.6285091182 357890.9514630790 0.0000000000
21 5022697.4307434643 357888.9094478656 0.0000000000
22 5022695.2329778103 357886.8674326521 0.0000000000
23 5022693.0352121573 357884.8254174387 0.0000000000
24 5022690.8374465033 357882.7834022252 0.0000000000
25 5022688.6396808503 357880.7413870118 0.0000000000
26 5022686.4419151964 357878.6993717984 0.0000000000
27 5022684.2441495424 357876.6573565849 0.0000000000
28 5022682.0463838894 357874.6153413715 0.0000000000
29 5022679.8486182354 357872.5733261581 0.0000000000
30 5022677.6508525824 357870.5313109446 0.0000000000
31 5022675.4530869285 357868.4892957311 0.0000000000
32 5022694.8984642746 357954.8077601513 0.0000000000
33 5022696.9404794881 357952.6099944977 0.0000000000
34 5022698.9824947016 357950.4122288441 0.0000000000
35 5022701.0245099152 357948.2144631905 0.0000000000
36 5022703.0665251287 357946.0166975370 0.0000000000
37 5022705.1085403422 357943.8189318834 0.0000000000
38 5022707.1505555557 357941.6211662298 0.0000000000
39 5022709.1925707692 357939.4234005762 0.0000000000
40 5022711.2345859827 357937.2256349226 0.0000000000
41 5022713.2766011963 357935.0278692691 0.0000000000
42 5022715.3186164089 357932.8301036155 0.0000000000
43 5022717.3606316224 357930.6323379619 0.0000000000
44 5022719.4026468359 357928.4345723083 0.0000000000
45 5022721.4446620494 357926.2368066547 0.0000000000
46 5022723.4866772629 357924.0390410011 0.0000000000
47 5022725.5286924765 357921.8412753476 0.0000000000
48 5022727.5707076900 357919.6435096940 0.0000000000
49 5022729.6127229035 357917.4457440404 0.0000000000
50 5022731.6547381170 357915.2479783868 0.0000000000
51 5022733.6967533305 357913.0502127332 0.0000000000
52 5022735.7387685440 357910.8524470797 0.0000000000
53 5022737.7807837576 357908.6546814261 0.0000000000
54 5022739.8227989711 357906.4569157725 0.0000000000
55 5022741.8648141837 357904.2591501189 0.0000000000
56 5022743.9068293972 357902.0613844653 0.0000000000
57 5022745.9488446107 357899.8636188117 0.0000000000
